Time,rsrp(dBm),rsrq(dB),rssi(dBm),nr_rsrp(dBm),nr_rsrq(dB),nr_rssi(dBm),Sent Bytes,RATE(MBit/s),NR UL BW
Sat Aug 20 13:28:14 UTC 2022,-95,-10,-64,0,0,0,389657,0,0
Sat Aug 20 13:28:18 UTC 2022,-95,-10,-64,0,0,0,389777,0.000314836125971365,0
Sat Aug 20 13:28:21 UTC 2022,-95,-9,-66,0,0,0,389777,0.0,0
Sat Aug 20 13:28:24 UTC 2022,-95,-9,-63,0,0,0,389777,0.0,0
Sat Aug 20 13:28:27 UTC 2022,-93,-8,-65,0,0,0,389777,0.0,0
Sat Aug 20 13:28:30 UTC 2022,-94,-8,-66,0,0,0,389777,0.0,0
Sat Aug 20 13:28:33 UTC 2022,-95,-9,-68,0,0,0,389931,0.00040183913893669063,0
Sat Aug 20 13:28:36 UTC 2022,-99,-9,-68,0,0,0,389931,0.0,0
Sat Aug 20 13:28:39 UTC 2022,-96,-8,-67,0,0,0,389931,0.0,0
Sat Aug 20 13:28:42 UTC 2022,-95,-10,-64,0,0,0,389931,0.0,0
Sat Aug 20 13:28:45 UTC 2022,-97,-11,-62,0,0,0,393388,0.009152643638554924,0
Sat Aug 20 13:28:48 UTC 2022,-96,-11,-66,0,0,0,393510,0.00031912634339977604,0
Sat Aug 20 13:28:51 UTC 2022,-95,-9,-67,0,0,0,393510,0.0,0
Sat Aug 20 13:28:54 UTC 2022,-96,-9,-67,0,0,0,393510,0.0,0
Sat Aug 20 13:28:57 UTC 2022,-96,-9,-65,0,0,0,395593,0.005461929653642751,0
Sat Aug 20 13:29:00 UTC 2022,-95,-9,-67,0,0,0,395710,0.0003088557299653999,0
Sat Aug 20 13:29:03 UTC 2022,-95,-8,-67,0,0,0,395710,0.0,0
Sat Aug 20 13:29:06 UTC 2022,-96,-9,-67,0,0,0,395710,0.0,0
Sat Aug 20 13:29:09 UTC 2022,-96,-10,-65,0,0,0,395710,0.0,0
Sat Aug 20 13:29:12 UTC 2022,-96,-9,-66,0,0,0,395785,0.00020241922995774337,0
Sat Aug 20 13:29:15 UTC 2022,-96,-9,-65,0,0,0,400627,0.012775498525192828,0
Sat Aug 20 13:29:18 UTC 2022,-95,-10,-64,0,0,0,400627,0.0,0
Sat Aug 20 13:29:21 UTC 2022,-95,-8,-66,0,0,0,400627,0.0,0
Sat Aug 20 13:29:24 UTC 2022,-94,-9,-65,0,0,0,400781,0.00041134174703050404,0
Sat Aug 20 13:29:27 UTC 2022,-94,-10,-66,0,0,0,400781,0.0,0
Sat Aug 20 13:29:30 UTC 2022,-95,-9,-66,0,0,0,3694883,8.862257037827014,0
Sat Aug 20 13:29:33 UTC 2022,-96,-9,-67,0,0,0,10970669,19.58590880091556,0
Sat Aug 20 13:29:36 UTC 2022,-94,-9,-60,0,0,0,17569597,17.38217793772814,0
Sat Aug 20 13:29:39 UTC 2022,-92,-9,-64,0,0,0,25543451,21.48632439039943,0
Sat Aug 20 13:29:42 UTC 2022,-92,-8,-65,0,0,0,33637145,21.749424026088356,0
Sat Aug 20 13:29:45 UTC 2022,-94,-9,-61,0,0,0,41208037,20.120997147152586,0
Sat Aug 20 13:29:48 UTC 2022,-94,-9,-61,0,0,0,49587924,22.85740716652461,0
Sat Aug 20 13:29:51 UTC 2022,-95,-9,-66,0,0,0,57630686,21.236766619013277,0
Sat Aug 20 13:29:54 UTC 2022,-93,-8,-64,0,0,0,65017552,19.843666965353368,0
Sat Aug 20 13:29:57 UTC 2022,-93,-10,-60,0,0,0,73018370,21.638887908007558,0
Sat Aug 20 13:30:00 UTC 2022,-94,-10,-65,0,0,0,79667992,17.858044142576524,0
Sat Aug 20 13:30:03 UTC 2022,-95,-10,-64,0,0,0,86190284,17.394554598507597,0
Sat Aug 20 13:30:06 UTC 2022,-93,-9,-65,0,0,0,93239872,19.110796715011517,0
Sat Aug 20 13:30:09 UTC 2022,-95,-9,-68,0,0,0,99850546,17.489207236730138,0
Sat Aug 20 13:30:12 UTC 2022,-93,-8,-64,0,0,0,106501666,17.82348864674987,0
Sat Aug 20 13:30:15 UTC 2022,-84,-9,-50,0,0,0,115606510,24.71551170547617,0
Sat Aug 20 13:30:18 UTC 2022,-85,-9,-56,0,0,0,127057765,30.963234336158692,0
Sat Aug 20 13:30:21 UTC 2022,-89,-8,-61,0,0,0,138002153,29.30866889989031,0
Sat Aug 20 13:30:24 UTC 2022,-82,-8,-56,0,0,0,151804725,36.754075306027175,0
Sat Aug 20 13:30:27 UTC 2022,-87,-8,-58,0,0,0,162731137,29.396317402268156,0
Sat Aug 20 13:30:30 UTC 2022,-88,-8,-58,0,0,0,173847795,29.854526183700045,0
Sat Aug 20 13:30:33 UTC 2022,-86,-8,-57,0,0,0,182621581,23.690392670046062,0
Sat Aug 20 13:30:36 UTC 2022,-87,-8,-58,0,0,0,193127147,27.686004182298767,0
Sat Aug 20 13:30:39 UTC 2022,-89,-8,-60,0,0,0,203526541,28.303846426164494,0
Sat Aug 20 13:30:42 UTC 2022,-90,-8,-61,0,0,0,214507709,28.52363049501974,0
Sat Aug 20 13:30:45 UTC 2022,-88,-8,-60,0,0,0,225955581,30.555697409798775,0
Sat Aug 20 13:30:48 UTC 2022,-86,-8,-59,0,0,0,236605120,28.807202623116844,0
Sat Aug 20 13:30:51 UTC 2022,-83,-8,-57,0,0,0,247401815,28.787514329826365,0
Sat Aug 20 13:30:54 UTC 2022,-88,-10,-58,0,0,0,258207147,28.94306869337075,0
Sat Aug 20 13:30:57 UTC 2022,-89,-8,-61,0,0,0,268721609,28.248010053216863,0
Sat Aug 20 13:31:00 UTC 2022,-90,-8,-62,0,0,0,278069129,24.610333571295186,0
Sat Aug 20 13:31:03 UTC 2022,-91,-8,-62,0,0,0,287181463,24.763242949292046,0
Sat Aug 20 13:31:06 UTC 2022,-90,-8,-60,0,0,0,296524814,23.747137260826232,0
Sat Aug 20 13:31:09 UTC 2022,-89,-8,-61,0,0,0,305571236,24.366819378928565,0
Sat Aug 20 13:31:12 UTC 2022,-85,-7,-56,0,0,0,315342690,26.401120364098922,0
Sat Aug 20 13:31:15 UTC 2022,-91,-8,-63,0,0,0,327563414,32.31281137654291,0
Sat Aug 20 13:31:18 UTC 2022,-93,-10,-62,0,0,0,335222688,20.721874514333724,0
Sat Aug 20 13:31:21 UTC 2022,-92,-10,-60,0,0,0,344705028,25.62337136044307,0
Sat Aug 20 13:31:24 UTC 2022,-94,-11,-63,0,0,0,352025754,19.70781642603008,0
Sat Aug 20 13:31:27 UTC 2022,-97,-12,-61,0,0,0,357285232,13.475333785287546,0
Sat Aug 20 13:31:30 UTC 2022,-95,-15,-56,0,0,0,362150788,12.785866641769895,0
Sat Aug 20 13:31:33 UTC 2022,-87,-11,-55,0,0,0,369579370,19.573017750140593,0
Sat Aug 20 13:31:36 UTC 2022,-90,-13,-58,0,0,0,387868780,49.65248822271298,0
Sat Aug 20 13:31:39 UTC 2022,-93,-12,-62,0,0,0,401901902,38.03334805256227,0
Sat Aug 20 13:31:42 UTC 2022,-93,-13,-57,0,0,0,413465016,30.466998886432247,0
Sat Aug 20 13:31:45 UTC 2022,-91,-13,-62,0,0,0,428564236,39.346585781655854,0
Sat Aug 20 13:31:48 UTC 2022,-83,-15,-46,0,0,0,448655311,54.62611827223862,0
Sat Aug 20 13:31:51 UTC 2022,-83,-13,-48,0,0,0,476414047,75.32240346153556,0
Sat Aug 20 13:31:54 UTC 2022,-82,-13,-44,0,0,0,501711995,66.91172045821145,0
Sat Aug 20 13:31:57 UTC 2022,-84,-14,-48,0,0,0,527895562,70.65487159009754,0
Sat Aug 20 13:32:00 UTC 2022,-77,-8,-49,0,0,0,554744873,71.92887867966125,0
Sat Aug 20 13:32:03 UTC 2022,-75,-8,-46,0,0,0,584978417,79.69304774152391,0
Sat Aug 20 13:32:06 UTC 2022,-77,-9,-47,0,0,0,605605215,53.23937031464626,0
Sat Aug 20 13:32:09 UTC 2022,-86,-13,-49,0,0,0,618705225,35.36645835636122,0
Sat Aug 20 13:32:12 UTC 2022,-72,-8,-41,0,0,0,635544243,44.78670387991297,0
Sat Aug 20 13:32:15 UTC 2022,-72,-9,-42,0,0,0,665853505,81.25706414636424,0
Sat Aug 20 13:32:18 UTC 2022,-75,-8,-46,0,0,0,695903297,79.22762768654717,0
Sat Aug 20 13:32:21 UTC 2022,-76,-9,-48,0,0,0,725779409,80.22684862003993,0
Sat Aug 20 13:32:24 UTC 2022,-75,-9,-45,0,0,0,752801008,73.43379639240872,0
Sat Aug 20 13:32:27 UTC 2022,-76,-10,-46,0,0,0,776417303,63.84802771690877,0
Sat Aug 20 13:32:30 UTC 2022,-88,-11,-52,0,0,0,801330541,67.0623323976288,0
Sat Aug 20 13:32:33 UTC 2022,-86,-9,-59,0,0,0,825110529,62.865263154743445,0
Sat Aug 20 13:32:36 UTC 2022,-92,-11,-60,0,0,0,828988851,10.243567394090578,0
Sat Aug 20 13:32:39 UTC 2022,-92,-10,-60,0,0,0,833664109,12.6448971619188,0
Sat Aug 20 13:32:42 UTC 2022,-93,-12,-62,0,0,0,838198017,12.283811886086818,0
Sat Aug 20 13:32:45 UTC 2022,-94,-12,-61,0,0,0,846779314,22.79058262111315,0
Sat Aug 20 13:32:48 UTC 2022,-95,-13,-61,0,0,0,851240334,11.864420963877391,0
Sat Aug 20 13:32:51 UTC 2022,-97,-14,-61,0,0,0,858803908,20.06557653966458,0
Sat Aug 20 13:32:54 UTC 2022,-97,-14,-61,0,0,0,865729922,18.70557038704549,0
Sat Aug 20 13:32:57 UTC 2022,-87,-10,-56,0,0,0,870827668,13.745466750305953,0
Sat Aug 20 13:33:00 UTC 2022,-91,-11,-63,0,0,0,878806091,21.368629802730396,0
Sat Aug 20 13:33:03 UTC 2022,-84,-11,-55,0,0,0,890649279,31.221645394842245,0
Sat Aug 20 13:33:06 UTC 2022,-95,-10,-65,0,0,0,897749799,18.542131383156605,0
Sat Aug 20 13:33:09 UTC 2022,-96,-9,-63,0,0,0,903180049,14.649481495104542,0
Sat Aug 20 13:33:12 UTC 2022,-100,-12,-64,0,0,0,910711993,20.26544533212834,0
Sat Aug 20 13:33:15 UTC 2022,-108,-17,-70,0,0,0,914572339,10.255716432934236,0
Sat Aug 20 13:33:18 UTC 2022,-101,-13,-69,0,0,0,919517237,12.898892073862259,0
Sat Aug 20 13:33:21 UTC 2022,-101,-15,-68,0,0,0,923753581,11.312047022774765,0
Sat Aug 20 13:33:24 UTC 2022,-101,-16,-67,0,0,0,927597449,10.404091329363798,0
Sat Aug 20 13:33:27 UTC 2022,-102,-13,-70,0,0,0,932864417,14.16252706996028,0
Sat Aug 20 13:33:30 UTC 2022,-103,-14,-68,0,0,0,939801655,18.6505562816966,0
Sat Aug 20 13:33:33 UTC 2022,-102,-14,-68,0,0,0,946371883,16.626683532274406,0
Sat Aug 20 13:33:36 UTC 2022,-101,-13,-68,0,0,0,951850069,14.918507427893681,0
Sat Aug 20 13:33:39 UTC 2022,-106,-14,-71,0,0,0,956293137,11.054105445954704,0
Sat Aug 20 13:33:42 UTC 2022,-102,-17,-67,0,0,0,960397728,11.108338046162077,0
Sat Aug 20 13:33:45 UTC 2022,-105,-16,-70,0,0,0,964920388,11.683817133794516,0
Sat Aug 20 13:33:48 UTC 2022,-107,-15,-70,0,0,0,969791884,13.136522106739067,0
Sat Aug 20 13:33:51 UTC 2022,-112,-19,-71,0,0,0,972937684,8.562457075692814,0
Sat Aug 20 13:33:54 UTC 2022,-107,-16,-69,0,0,0,976186846,8.621318481798268,0
Sat Aug 20 13:33:57 UTC 2022,-108,-15,-71,0,0,0,979424024,8.710645137222802,0
Sat Aug 20 13:34:00 UTC 2022,-110,-19,-66,0,0,0,981434340,5.437451305988143,0
Sat Aug 20 13:34:03 UTC 2022,-106,-15,-70,0,0,0,984117258,7.090661887607425,0
Sat Aug 20 13:34:06 UTC 2022,-105,-13,-72,0,0,0,988368582,10.805236313691655,0
Sat Aug 20 13:34:09 UTC 2022,-108,-17,-67,0,0,0,991924834,9.377958926703338,0
Sat Aug 20 13:34:12 UTC 2022,-108,-17,-68,0,0,0,993684984,4.748507386614851,0
Sat Aug 20 13:34:15 UTC 2022,-110,-15,-74,0,0,0,995334282,4.447178927864525,0
Sat Aug 20 13:34:18 UTC 2022,-111,-16,-74,0,0,0,997003054,4.416740061965991,0
Sat Aug 20 13:34:21 UTC 2022,-112,-18,-70,0,0,0,999946624,7.960388133250664,0
Sat Aug 20 13:34:24 UTC 2022,-113,-18,-74,0,0,0,1002433304,6.579580729164796,0
Sat Aug 20 13:34:27 UTC 2022,-114,-18,-74,0,0,0,1003640692,3.2275879660455997,0
Sat Aug 20 13:34:30 UTC 2022,-114,-19,-73,0,0,0,1005084764,3.907754607229959,0
Sat Aug 20 13:34:33 UTC 2022,-116,-20,-74,0,0,0,1006235228,2.913014277782006,0
Sat Aug 20 13:34:36 UTC 2022,-107,-12,-78,0,0,0,1009127918,7.798161772790258,0
Sat Aug 20 13:34:39 UTC 2022,-111,-14,-77,0,0,0,1012637732,9.49869005632058,0
Sat Aug 20 13:34:42 UTC 2022,-108,-13,-77,0,0,0,1016080136,9.041694257749658,0
Sat Aug 20 13:34:45 UTC 2022,-109,-14,-78,0,0,0,1019518046,8.86098873324699,0
Sat Aug 20 13:34:48 UTC 2022,-102,-10,-75,0,0,0,1023612132,10.970619699187747,0
Sat Aug 20 13:34:51 UTC 2022,-103,-9,-75,0,0,0,1029211656,14.984827245040751,0
Sat Aug 20 13:34:54 UTC 2022,-110,-15,-76,0,0,0,1033741608,12.190693445211217,0
Sat Aug 20 13:34:57 UTC 2022,-114,-20,-74,0,0,0,1037299410,9.470232051801233,0
Sat Aug 20 13:35:00 UTC 2022,-105,-14,-74,0,0,0,1040015284,7.341317301369899,0
Sat Aug 20 13:35:03 UTC 2022,-106,-13,-74,0,0,0,1044113812,11.140963507223868,0
Sat Aug 20 13:35:06 UTC 2022,-112,-17,-75,0,0,0,1047165238,8.162639773444482,0
Sat Aug 20 13:35:09 UTC 2022,-115,-18,-80,0,0,0,1049678882,6.652023579168816,0
Sat Aug 20 13:35:12 UTC 2022,-110,-16,-75,0,0,0,1052041228,6.142706740834474,0
Sat Aug 20 13:35:15 UTC 2022,-109,-15,-75,0,0,0,1056656566,12.35244406282451,0
Sat Aug 20 13:35:18 UTC 2022,-103,-12,-73,0,0,0,1062299532,15.09043129651446,0
Sat Aug 20 13:35:21 UTC 2022,-101,-11,-68,0,0,0,1068344014,16.144830865135614,0
Sat Aug 20 13:35:24 UTC 2022,-102,-12,-71,0,0,0,1073715842,14.313381755869852,0
Sat Aug 20 13:35:27 UTC 2022,-106,-14,-76,0,0,0,1079334840,14.694546831985694,0
Sat Aug 20 13:35:30 UTC 2022,-99,-11,-69,0,0,0,1084437028,13.617947972106316,0
Sat Aug 20 13:35:33 UTC 2022,-100,-12,-70,0,0,0,1089434356,13.486805653884524,0
Sat Aug 20 13:35:36 UTC 2022,-104,-14,-73,0,0,0,1094717802,14.2063054334239,0
Sat Aug 20 13:35:39 UTC 2022,-105,-13,-74,0,0,0,1098955696,10.688338265988653,0
Sat Aug 20 13:35:42 UTC 2022,-113,-17,-76,0,0,0,1103139610,11.208821318486146,0
Sat Aug 20 13:35:45 UTC 2022,-114,-19,-77,0,0,0,1105919898,7.068209593297255,0
Sat Aug 20 13:35:48 UTC 2022,-106,-14,-76,0,0,0,1108796162,7.726269109611535,0
Sat Aug 20 13:35:51 UTC 2022,-115,-17,-78,0,0,0,1112506708,9.955798760172259,0
Sat Aug 20 13:35:54 UTC 2022,-111,-16,-77,0,0,0,1116211262,9.908599613011273,0
Sat Aug 20 13:35:57 UTC 2022,-105,-13,-73,0,0,0,1120240882,10.85249464912702,0
Sat Aug 20 13:36:00 UTC 2022,-109,-14,-76,0,0,0,1124319936,10.947655351174914,0
Sat Aug 20 13:36:03 UTC 2022,-110,-15,-74,0,0,0,1128616200,11.399847908348391,0
Sat Aug 20 13:36:06 UTC 2022,-110,-16,-76,0,0,0,1131685602,8.315144933562156,0
Sat Aug 20 13:36:10 UTC 2022,-107,-14,-76,0,0,0,1138500004,18.214351780158566,0
Sat Aug 20 13:36:13 UTC 2022,-109,-16,-75,0,0,0,1142628492,9.449931107204042,0
Sat Aug 20 13:36:16 UTC 2022,-113,-17,-77,0,0,0,1143951278,3.546882797270633,0
Sat Aug 20 13:36:19 UTC 2022,-108,-15,-76,0,0,0,1145804304,4.91705696217818,0
Sat Aug 20 13:36:22 UTC 2022,-115,-20,-76,0,0,0,1147610892,4.851164640460079,0
Sat Aug 20 13:36:25 UTC 2022,-116,-20,-77,0,0,0,1149438452,4.929992543310715,0
Sat Aug 20 13:36:28 UTC 2022,-115,-20,-78,0,0,0,1152341576,7.741743574801791,0
Sat Aug 20 13:36:31 UTC 2022,-109,-14,-77,0,0,0,1154655986,6.130348476360762,0
Sat Aug 20 13:36:34 UTC 2022,-110,-15,-77,0,0,0,1156703792,5.016335774947092,0
Sat Aug 20 13:36:37 UTC 2022,-112,-16,-79,0,0,0,1158257218,4.16619325699916,0
Sat Aug 20 13:36:40 UTC 2022,-114,-18,-78,0,0,0,1160249558,5.21994757308782,0
Sat Aug 20 13:36:43 UTC 2022,-116,-20,-77,0,0,0,1161533344,3.337044872303165,0
Sat Aug 20 13:36:46 UTC 2022,-116,-19,-79,0,0,0,1162806644,3.4146789617421507,0
Sat Aug 20 13:36:49 UTC 2022,-116,-20,-77,0,0,0,1163853746,2.8178589378237864,0
Sat Aug 20 13:36:52 UTC 2022,-112,-16,-78,0,0,0,1165115114,3.3929172551705014,0
Sat Aug 20 13:36:55 UTC 2022,-107,-13,-75,0,0,0,1167207820,5.044799970964116,0
Sat Aug 20 13:36:58 UTC 2022,-100,-9,-72,0,0,0,1173610312,16.698340091865955,0
Sat Aug 20 13:37:01 UTC 2022,-98,-8,-72,0,0,0,1181022456,19.968879138806486,0
Sat Aug 20 13:37:04 UTC 2022,-101,-9,-74,0,0,0,1187827870,18.282894432394325,0
Sat Aug 20 13:37:08 UTC 2022,-97,-8,-68,0,0,0,1194328020,17.16904678355076,0
Sat Aug 20 13:37:11 UTC 2022,-98,-11,-63,0,0,0,1201121450,17.544744174237767,0
Sat Aug 20 13:37:14 UTC 2022,-94,-11,-61,0,0,0,1210443806,24.37618788072116,0
Sat Aug 20 13:37:17 UTC 2022,-86,-9,-56,0,0,0,1220404338,26.86434822103357,0
Sat Aug 20 13:37:19 UTC 2022,-84,-8,-60,0,0,0,1231691768,30.373218926563474,0
Sat Aug 20 13:37:22 UTC 2022,-82,-9,-58,0,0,0,1243265729,31.441085590752653,0
Sat Aug 20 13:37:26 UTC 2022,-83,-8,-52,0,0,0,1255017785,31.237858791090016,0
Sat Aug 20 13:37:29 UTC 2022,-85,-8,-58,0,0,0,1265976212,27.696095284280908,0
Sat Aug 20 13:37:32 UTC 2022,-82,-8,-48,0,0,0,1277605662,31.481649546207024,0
Sat Aug 20 13:37:35 UTC 2022,-81,-10,-52,0,0,0,1288674703,28.63900229154129,0
Sat Aug 20 13:37:38 UTC 2022,-79,-11,-49,0,0,0,1299612334,29.80649445765691,0
Sat Aug 20 13:37:41 UTC 2022,-76,-9,-50,0,0,0,1310547734,29.570147589378376,0
Sat Aug 20 13:37:44 UTC 2022,-76,-9,-50,0,0,0,1321719818,29.749657515701927,0
Sat Aug 20 13:37:47 UTC 2022,-75,-9,-46,0,0,0,1332718647,29.183732164581237,0
Sat Aug 20 13:37:50 UTC 2022,-75,-9,-50,0,0,0,1343487346,29.00890405201525,0
Sat Aug 20 13:37:53 UTC 2022,-75,-8,-49,0,0,0,1355137292,31.31059673151691,0
Sat Aug 20 13:37:56 UTC 2022,-74,-8,-49,0,0,0,1366015768,28.17172954229263,0
Sat Aug 20 13:37:59 UTC 2022,-75,-8,-50,0,0,0,1377568448,31.303636575474332,0
Sat Aug 20 13:38:02 UTC 2022,-74,-8,-48,0,0,0,1389175582,29.1040188027393,0
Sat Aug 20 13:38:05 UTC 2022,-74,-8,-49,0,0,0,1400653465,30.374270368634193,0
Sat Aug 20 13:38:08 UTC 2022,-77,-8,-51,0,0,0,1411710274,28.606622811672654,0
Sat Aug 20 13:38:11 UTC 2022,-79,-10,-49,0,0,0,1422420974,28.937063835769006,0
Sat Aug 20 13:38:14 UTC 2022,-77,-9,-47,0,0,0,1433951080,30.84163047623409,0
Sat Aug 20 13:38:17 UTC 2022,-81,-11,-53,0,0,0,1444919488,27.614656899608313,0
Sat Aug 20 13:38:20 UTC 2022,-83,-11,-55,0,0,0,1455510348,28.44951348237632,0
Sat Aug 20 13:38:23 UTC 2022,-82,-8,-61,0,0,0,1464964226,25.442648668214602,0
Sat Aug 20 13:38:26 UTC 2022,-78,-7,-51,0,0,0,1474915492,26.635769936983962,0
Sat Aug 20 13:38:29 UTC 2022,-74,-7,-49,0,0,0,1484869754,26.86869854913297,0
Sat Aug 20 13:38:32 UTC 2022,-79,-7,-56,0,0,0,1495063644,26.89088917498705,0
Sat Aug 20 13:38:35 UTC 2022,-82,-8,-59,0,0,0,1505396848,27.486599423460365,0
Sat Aug 20 13:38:38 UTC 2022,-78,-7,-51,0,0,0,1515286719,26.443302170763992,0
Sat Aug 20 13:38:41 UTC 2022,-59,-7,-36,0,0,0,1525561884,27.216971141465393,0
Sat Aug 20 13:38:44 UTC 2022,-61,-7,-35,0,0,0,1535439748,26.12878879758675,0
Sat Aug 20 13:38:47 UTC 2022,-59,-7,-34,0,0,0,1545701048,27.245264223054207,0
Sat Aug 20 13:38:50 UTC 2022,-59,-6,-35,0,0,0,1555755664,26.944950215853147,0
Sat Aug 20 13:38:53 UTC 2022,-62,-7,-36,0,0,0,1565660667,26.471277403438222,0
Sat Aug 20 13:38:56 UTC 2022,-66,-7,-37,0,0,0,1575625363,26.608626626051922,0
Sat Aug 20 13:38:59 UTC 2022,-67,-8,-37,0,0,0,1585636497,26.759344861835846,0
Sat Aug 20 13:39:02 UTC 2022,-68,-8,-42,0,0,0,1595339043,25.217277712579925,0
Sat Aug 20 13:39:05 UTC 2022,-67,-8,-39,0,0,0,1605314225,26.438551969754556,0
Sat Aug 20 13:39:08 UTC 2022,-71,-7,-47,0,0,0,1614840082,25.869471738274292,0
Sat Aug 20 13:39:11 UTC 2022,-82,-9,-55,0,0,0,1625022040,27.51980930201684,0
Sat Aug 20 13:39:14 UTC 2022,-82,-10,-55,0,0,0,1634866948,24.964633506867532,0
Sat Aug 20 13:39:17 UTC 2022,-81,-10,-53,0,0,0,1644518614,24.64527122088904,0
Sat Aug 20 13:39:20 UTC 2022,-77,-9,-52,0,0,0,1654405414,26.15110000135786,0
Sat Aug 20 13:39:23 UTC 2022,-81,-9,-53,0,0,0,1663928200,25.309073323368462,0
Sat Aug 20 13:39:26 UTC 2022,-81,-10,-54,0,0,0,1673812228,26.6276580752765,0
Sat Aug 20 13:39:29 UTC 2022,-87,-12,-56,0,0,0,1683210878,24.500349060372876,0
Sat Aug 20 13:39:32 UTC 2022,-84,-11,-56,0,0,0,1692720338,25.40555001214917,0
Sat Aug 20 13:39:35 UTC 2022,-83,-11,-56,0,0,0,1701679876,22.738907089363188,0
Sat Aug 20 13:39:38 UTC 2022,-83,-10,-57,0,0,0,1711494812,26.471219376032735,0
Sat Aug 20 13:39:41 UTC 2022,-81,-10,-52,0,0,0,1720402047,23.787753892182653,0
Sat Aug 20 13:39:44 UTC 2022,-86,-10,-57,0,0,0,1729193809,23.65805037963631,0
Sat Aug 20 13:39:47 UTC 2022,-87,-10,-61,0,0,0,1738848291,26.06136226941693,0
Sat Aug 20 13:39:50 UTC 2022,-95,-11,-65,0,0,0,1747129235,21.975724687661103,0
Sat Aug 20 13:39:53 UTC 2022,-93,-10,-65,0,0,0,1754637211,20.224851365824456,0
Sat Aug 20 13:39:56 UTC 2022,-99,-12,-69,0,0,0,1761077113,17.29455943135942,0
Sat Aug 20 13:40:00 UTC 2022,-99,-15,-65,0,0,0,1767457095,17.121344312387567,0
Sat Aug 20 13:40:03 UTC 2022,-89,-11,-59,0,0,0,1777650985,24.00506878595953,0
Sat Aug 20 13:40:06 UTC 2022,-89,-11,-56,0,0,0,1789909288,31.506130647221543,0
Sat Aug 20 13:40:09 UTC 2022,-91,-11,-62,0,0,0,1802607495,34.0356311151076,0
Sat Aug 20 13:40:12 UTC 2022,-88,-12,-64,0,0,0,1818446646,42.56309187799064,0
Sat Aug 20 13:40:15 UTC 2022,-87,-12,-63,0,0,0,1827955614,25.72765440903029,0
Sat Aug 20 13:40:18 UTC 2022,-90,-12,-63,0,0,0,1836720412,22.891819343268757,0
Sat Aug 20 13:40:21 UTC 2022,-88,-11,-59,0,0,0,1847492530,28.25528756810245,0
Sat Aug 20 13:40:24 UTC 2022,-90,-11,-60,0,0,0,1856573406,23.070886258669102,0
Sat Aug 20 13:40:27 UTC 2022,-89,-11,-63,0,0,0,1864270130,20.659760185113733,0
Sat Aug 20 13:40:30 UTC 2022,-86,-11,-55,0,0,0,1872581034,22.339344778058326,0
Sat Aug 20 13:40:33 UTC 2022,-90,-11,-58,0,0,0,1883317252,28.849751882039648,0
Sat Aug 20 13:40:36 UTC 2022,-97,-12,-67,0,0,0,1888482356,12.965474739524112,0
Sat Aug 20 13:40:39 UTC 2022,-94,-11,-63,0,0,0,1892685744,11.30481439005194,0
Sat Aug 20 13:40:42 UTC 2022,-96,-12,-68,0,0,0,1898198722,14.892605112422917,0
Sat Aug 20 13:40:45 UTC 2022,-96,-14,-68,0,0,0,1903452260,14.159244943638589,0
Sat Aug 20 13:40:48 UTC 2022,-96,-14,-62,0,0,0,1908927450,14.703100792026879,0
Sat Aug 20 13:40:51 UTC 2022,-96,-13,-64,0,0,0,1914425110,14.26870847867415,0
Sat Aug 20 13:40:54 UTC 2022,-96,-12,-68,0,0,0,1920325732,15.873271587438088,0
Sat Aug 20 13:40:57 UTC 2022,-96,-13,-65,0,0,0,1925851854,14.91206457604946,0
Sat Aug 20 13:41:00 UTC 2022,-96,-13,-65,0,0,0,1930353344,12.16179498885534,0
Sat Aug 20 13:41:03 UTC 2022,-96,-13,-66,0,0,0,1935563388,14.004525572602441,0
Sat Aug 20 13:41:06 UTC 2022,-99,-14,-66,0,0,0,1940658086,13.685038021846735,0
Sat Aug 20 13:41:09 UTC 2022,-96,-11,-67,0,0,0,1945436706,12.81311384241942,0
Sat Aug 20 13:41:12 UTC 2022,-103,-13,-74,0,0,0,1948967808,9.605786165835843,0
Sat Aug 20 13:41:15 UTC 2022,-99,-11,-70,0,0,0,1952852122,10.559302927804165,0
Sat Aug 20 13:41:18 UTC 2022,-96,-12,-62,0,0,0,1956788906,10.511485000008882,0
Sat Aug 20 13:41:21 UTC 2022,-93,-12,-60,0,0,0,1964858684,21.832190560425875,0
Sat Aug 20 13:41:24 UTC 2022,-98,-14,-67,0,0,0,1970861170,15.771709022966478,0
Sat Aug 20 13:41:27 UTC 2022,-97,-12,-69,0,0,0,1976521242,15.177520570366731,0
Sat Aug 20 13:41:30 UTC 2022,-95,-12,-70,0,0,0,1984267286,20.267268824577645,0
Sat Aug 20 13:41:33 UTC 2022,-96,-12,-66,0,0,0,1990893148,17.6370089250467,0
Sat Aug 20 13:41:36 UTC 2022,-101,-14,-68,0,0,0,1994440868,9.026928915382205,0
Sat Aug 20 13:41:39 UTC 2022,-101,-14,-70,0,0,0,1998302868,10.146313778950597,0
Sat Aug 20 13:41:42 UTC 2022,-102,-15,-63,0,0,0,2001598468,8.895698397192168,0
Sat Aug 20 13:41:45 UTC 2022,-104,-14,-71,0,0,0,2004420700,7.423923426678409,0
Sat Aug 20 13:41:48 UTC 2022,-107,-15,-74,0,0,0,2007401772,7.908426414341209,0
Sat Aug 20 13:41:51 UTC 2022,-105,-16,-72,0,0,0,2010327366,7.523048626461399,0
Sat Aug 20 13:41:54 UTC 2022,-109,-17,-75,0,0,0,2013715894,8.971756054801483,0
Sat Aug 20 13:41:57 UTC 2022,-104,-15,-71,0,0,0,2016381082,6.8616136641141185,0
Sat Aug 20 13:42:00 UTC 2022,-104,-15,-71,0,0,0,2019534412,8.47804044293544,0
Sat Aug 20 13:42:03 UTC 2022,-100,-14,-68,0,0,0,2023462220,10.208106927890535,0
Sat Aug 20 13:42:06 UTC 2022,-102,-16,-68,0,0,0,2027635648,11.380009112562455,0
Sat Aug 20 13:42:09 UTC 2022,-100,-14,-69,0,0,0,2032511690,12.870398654023825,0
Sat Aug 20 13:42:12 UTC 2022,-108,-18,-73,0,0,0,2035272504,7.4472270830904135,0
Sat Aug 20 13:42:15 UTC 2022,-107,-17,-71,0,0,0,2038036314,7.462484258271548,0
Sat Aug 20 13:42:18 UTC 2022,-107,-17,-72,0,0,0,2040815104,7.477138005063021,0
Sat Aug 20 13:42:21 UTC 2022,-107,-17,-72,0,0,0,2043526484,7.346810610463963,0
Sat Aug 20 13:42:24 UTC 2022,-106,-18,-71,0,0,0,2046661850,8.26165741957719,0
Sat Aug 20 13:42:27 UTC 2022,-107,-18,-69,0,0,0,2049404688,7.3224500089067295,0
Sat Aug 20 13:42:30 UTC 2022,-107,-18,-70,0,0,0,2051900580,6.772243212475724,0
Sat Aug 20 13:42:33 UTC 2022,-111,-18,-72,0,0,0,2053660730,4.745974187001422,0
Sat Aug 20 13:42:36 UTC 2022,-114,-20,-75,0,0,0,2055399908,4.7077975583328655,0
Sat Aug 20 13:42:39 UTC 2022,-117,-20,-75,0,0,0,2056629766,3.2637815249023023,0
Sat Aug 20 13:42:42 UTC 2022,-111,-19,-72,0,0,0,2057989950,3.6253001404087524,0
Sat Aug 20 13:42:45 UTC 2022,-100,-14,-70,0,0,0,2060824166,7.698071205260074,0
Sat Aug 20 13:42:48 UTC 2022,-107,-18,-70,0,0,0,2065370872,12.280572587605414,0
Sat Aug 20 13:42:51 UTC 2022,-99,-12,-69,0,0,0,2073022656,19.99983103429548,0
Sat Aug 20 13:42:54 UTC 2022,-101,-14,-67,0,0,0,2082794110,26.37631514304037,0
Sat Aug 20 13:42:57 UTC 2022,-104,-17,-69,0,0,0,2088687242,15.965733302574167,0
Sat Aug 20 13:43:00 UTC 2022,-96,-14,-64,0,0,0,2094291909,14.902312238163297,0
Sat Aug 20 13:43:03 UTC 2022,-91,-11,-63,0,0,0,2103327897,22.74171409440113,0
Sat Aug 20 13:43:06 UTC 2022,-97,-13,-66,0,0,0,2110083877,18.182545476003003,0
Sat Aug 20 13:43:09 UTC 2022,-97,-15,-61,0,0,0,2120118979,26.862135770746434,0
Sat Aug 20 13:43:12 UTC 2022,-99,-16,-66,0,0,0,2130985523,29.452249916331194,0
Sat Aug 20 13:43:15 UTC 2022,-98,-11,-68,0,0,0,2137665105,17.770001449486823,0
Sat Aug 20 13:43:18 UTC 2022,-104,-15,-71,0,0,0,2141574977,10.538818398748722,0
Sat Aug 20 13:43:21 UTC 2022,-100,-12,-71,0,0,0,2146244243,12.656750054418264,0
Sat Aug 20 13:43:24 UTC 2022,-102,-12,-73,0,0,0,2151157735,12.585479213648576,0
Sat Aug 20 13:43:27 UTC 2022,-97,-11,-68,0,0,0,2158142909,18.791599765168844,0
Sat Aug 20 13:43:30 UTC 2022,-91,-9,-66,0,0,0,2172308885,36.374197564640795,0
Sat Aug 20 13:43:33 UTC 2022,-93,-12,-68,0,0,0,2183172950,29.446139032677205,0
Sat Aug 20 13:43:36 UTC 2022,-90,-10,-62,0,0,0,2194802917,31.239230730241495,0
Sat Aug 20 13:43:39 UTC 2022,-90,-11,-59,0,0,0,2207458319,33.793107310011514,0
Sat Aug 20 13:43:42 UTC 2022,-94,-16,-60,0,0,0,2216853973,25.465028798743315,0
Sat Aug 20 13:43:45 UTC 2022,-89,-13,-59,0,0,0,2226996042,27.125418272819353,0
Sat Aug 20 13:43:48 UTC 2022,-88,-14,-55,0,0,0,2238066314,29.22796644712402,0
Sat Aug 20 13:43:51 UTC 2022,0,0,0,0,0,0,2248461066,27.351382577325012,0
Sat Aug 20 13:43:54 UTC 2022,-81,-10,-52,0,0,0,2268098607,53.14047501163445,0
Sat Aug 20 13:43:57 UTC 2022,-80,-10,-52,0,0,0,2288195784,54.36533783368967,0
Sat Aug 20 13:44:00 UTC 2022,-80,-11,-52,0,0,0,2308582422,54.009936576829524,0
Sat Aug 20 13:44:03 UTC 2022,-79,-10,-51,0,0,0,2328998250,52.001295396140975,0
Sat Aug 20 13:44:06 UTC 2022,-78,-11,-44,0,0,0,2349976385,56.70050935141996,0
Sat Aug 20 13:44:09 UTC 2022,-79,-10,-52,0,0,0,2370562045,51.8282837794894,0
Sat Aug 20 13:44:12 UTC 2022,-78,-11,-49,0,0,0,2391009994,55.065167807982704,0
Sat Aug 20 13:44:15 UTC 2022,-78,-11,-50,0,0,0,2410975096,53.952523104518264,0
Sat Aug 20 13:44:18 UTC 2022,-77,-14,-47,0,0,0,2428564836,46.11671180523982,0
Sat Aug 20 13:44:21 UTC 2022,-80,-12,-49,0,0,0,2444057204,42.13810057152723,0
Sat Aug 20 13:44:24 UTC 2022,-90,-12,-59,0,0,0,2455148448,30.11183688535415,0
Sat Aug 20 13:44:27 UTC 2022,-85,-10,-60,0,0,0,2465218437,27.039728289047446,0
Sat Aug 20 13:44:30 UTC 2022,-82,-10,-61,0,0,0,2475154204,26.398564360543464,0
Sat Aug 20 13:44:33 UTC 2022,-80,-12,-49,0,0,0,2485376596,26.855257799099995,0
Sat Aug 20 13:44:36 UTC 2022,-78,-9,-51,0,0,0,2496368495,29.662727946695547,0
Sat Aug 20 13:44:39 UTC 2022,-85,-10,-60,0,0,0,2507336955,29.665725662774637,0
Sat Aug 20 13:44:42 UTC 2022,-89,-13,-56,0,0,0,2517959273,28.686844844622897,0
Sat Aug 20 13:44:45 UTC 2022,-85,-10,-56,0,0,0,2528911203,29.37652764469078,0
Sat Aug 20 13:44:48 UTC 2022,-83,-12,-53,0,0,0,2540068685,30.043600450004295,0
Sat Aug 20 13:44:51 UTC 2022,-86,-13,-55,0,0,0,2550992101,28.47864316882274,0
Sat Aug 20 13:44:54 UTC 2022,-87,-12,-57,0,0,0,2561468145,27.705467762703964,0
Sat Aug 20 13:44:57 UTC 2022,-88,-14,-55,0,0,0,2572372561,29.076773078356513,0
Sat Aug 20 13:45:00 UTC 2022,-85,-12,-54,0,0,0,2582521645,26.816618633623232,0
Sat Aug 20 13:45:03 UTC 2022,-84,-13,-57,0,0,0,2592182948,26.03648232843431,0
Sat Aug 20 13:45:06 UTC 2022,-84,-10,-56,0,0,0,2604204095,31.81600635488197,0
Sat Aug 20 13:45:09 UTC 2022,-81,-10,-52,0,0,0,2615588046,29.28056088385188,0
Sat Aug 20 13:45:12 UTC 2022,-84,-12,-49,0,0,0,2627363914,31.856402722677462,0
Sat Aug 20 13:45:16 UTC 2022,-83,-13,-49,0,0,0,2639482890,32.26224577205569,0
Sat Aug 20 13:45:19 UTC 2022,-73,-8,-48,0,0,0,2648787020,23.484879869455543,0
Sat Aug 20 13:45:22 UTC 2022,-76,-9,-51,0,0,0,2657906948,24.144863246466844,0
Sat Aug 20 13:45:25 UTC 2022,-77,-11,-51,0,0,0,2665702644,19.981601253954178,0
Sat Aug 20 13:45:28 UTC 2022,-77,-13,-44,0,0,0,2674461554,23.8130315582342,0
Sat Aug 20 13:45:31 UTC 2022,-70,-10,-44,0,0,0,2682294648,19.645443519700223,0
Sat Aug 20 13:45:34 UTC 2022,-70,-11,-38,0,0,0,2690032375,20.9146082193003,0
Sat Aug 20 13:45:37 UTC 2022,-69,-10,-43,0,0,0,2697855258,20.605654780520126,0
Sat Aug 20 13:45:40 UTC 2022,-70,-10,-44,0,0,0,2705763028,21.341028453379323,0
Sat Aug 20 13:45:43 UTC 2022,-69,-10,-43,0,0,0,2713564636,20.708895523879296,0
Sat Aug 20 13:45:46 UTC 2022,-70,-12,-39,0,0,0,2721531900,21.156083570041176,0
Sat Aug 20 13:45:49 UTC 2022,-70,-10,-42,0,0,0,2729200266,20.697740263633133,0
Sat Aug 20 13:45:52 UTC 2022,-71,-10,-44,0,0,0,2737338900,21.524733363589558,0
Sat Aug 20 13:45:55 UTC 2022,-71,-11,-40,0,0,0,2744451734,18.987596247469547,0
Sat Aug 20 13:45:58 UTC 2022,-71,-11,-40,0,0,0,2752299888,20.980743396496887,0
Sat Aug 20 13:46:01 UTC 2022,-71,-10,-43,0,0,0,2760156938,20.984738216447692,0
Sat Aug 20 13:46:04 UTC 2022,-71,-10,-43,0,0,0,2767855160,20.830512390636354,0
Sat Aug 20 13:46:07 UTC 2022,-70,-11,-43,0,0,0,2775261655,19.890278580504997,0
Sat Aug 20 13:46:10 UTC 2022,-71,-12,-43,0,0,0,2782950040,20.437660375922665,0
Sat Aug 20 13:46:13 UTC 2022,-71,-11,-43,0,0,0,2790432706,20.13529994398445,0
Sat Aug 20 13:46:16 UTC 2022,-71,-11,-39,0,0,0,2798247876,21.07224960319368,0
Sat Aug 20 13:46:19 UTC 2022,-71,-13,-41,0,0,0,2806009126,20.519524742214234,0
Sat Aug 20 13:46:22 UTC 2022,-70,-11,-40,0,0,0,2813679136,20.022075980669324,0
Sat Aug 20 13:46:25 UTC 2022,-71,-12,-41,0,0,0,2821199200,19.68927741262695,0
Sat Aug 20 13:46:28 UTC 2022,-72,-12,-40,0,0,0,2828524637,19.73469616041051,0
Sat Aug 20 13:46:31 UTC 2022,-77,-13,-49,0,0,0,2836229077,20.751895365786943,0
Sat Aug 20 13:46:34 UTC 2022,-79,-12,-44,0,0,0,2844541531,22.303195724812518,0
Sat Aug 20 13:46:37 UTC 2022,-70,-11,-45,0,0,0,2852028535,18.652284923939717,0
Sat Aug 20 13:46:40 UTC 2022,-72,-11,-43,0,0,0,2859648861,20.394742271421105,0
Sat Aug 20 13:46:43 UTC 2022,-74,-11,-45,0,0,0,2867090965,20.04402147771883,0
Sat Aug 20 13:46:46 UTC 2022,-75,-11,-49,0,0,0,2874709793,20.448764220019974,0
Sat Aug 20 13:46:49 UTC 2022,-75,-14,-44,0,0,0,2882482915,20.850916825344346,0
Sat Aug 20 13:46:52 UTC 2022,-74,-13,-46,0,0,0,2890007369,20.133721432217623,0
Sat Aug 20 13:46:55 UTC 2022,-73,-13,-43,0,0,0,2897847941,21.318760877089307,0
Sat Aug 20 13:46:58 UTC 2022,-73,-12,-43,0,0,0,2904961943,18.84110054571599,0
Sat Aug 20 13:47:01 UTC 2022,-74,-13,-49,0,0,0,2912528393,20.373084271547253,0
Sat Aug 20 13:47:04 UTC 2022,-76,-11,-47,0,0,0,2920310503,20.48614112316807,0
Sat Aug 20 13:47:07 UTC 2022,-75,-11,-46,0,0,0,2927704929,19.316697914357167,0
Sat Aug 20 13:47:10 UTC 2022,-75,-13,-47,0,0,0,2935150338,20.11449145429555,0
Sat Aug 20 13:47:13 UTC 2022,-77,-13,-45,0,0,0,2943080790,20.761493811165053,0
Sat Aug 20 13:47:16 UTC 2022,-76,-12,-45,0,0,0,2950559032,20.11762402592098,0
Sat Aug 20 13:47:19 UTC 2022,-76,-12,-47,0,0,0,2958353230,20.837411008403695,0
Sat Aug 20 13:47:22 UTC 2022,-77,-12,-47,0,0,0,2965888222,19.81724454556134,0
Sat Aug 20 13:47:25 UTC 2022,-76,-12,-45,0,0,0,2973692802,21.06220969375127,0
Sat Aug 20 13:47:28 UTC 2022,-75,-11,-48,0,0,0,2982050465,22.02004975217601,0
Sat Aug 20 13:47:31 UTC 2022,-75,-11,-46,0,0,0,2989638689,19.28670682433629,0
Sat Aug 20 13:47:34 UTC 2022,-75,-9,-50,0,0,0,2998112950,22.751662367901115,0
Sat Aug 20 13:47:37 UTC 2022,-75,-11,-45,0,0,0,3005992811,19.58270087132453,0
Sat Aug 20 13:47:40 UTC 2022,-76,-11,-49,0,0,0,3013758495,20.933901616012246,0
Sat Aug 20 13:47:43 UTC 2022,-75,-10,-47,0,0,0,3021241689,19.81695244677556,0
Sat Aug 20 13:47:46 UTC 2022,-77,-10,-43,0,0,0,3029022518,20.312232025148642,0
Sat Aug 20 13:47:49 UTC 2022,-80,-10,-49,0,0,0,3037114806,21.963767170620756,0
Sat Aug 20 13:47:52 UTC 2022,-84,-13,-54,0,0,0,3044845984,20.22181720907236,0
Sat Aug 20 13:47:55 UTC 2022,-83,-13,-50,0,0,0,3052980124,21.781187754807274,0
Sat Aug 20 13:47:58 UTC 2022,-85,-14,-48,0,0,0,3060479112,19.79833334299454,0
Sat Aug 20 13:48:01 UTC 2022,-86,-15,-52,0,0,0,3068346608,21.011244441911888,0
Sat Aug 20 13:48:04 UTC 2022,-84,-14,-56,0,0,0,3075767822,19.202796291576455,0
Sat Aug 20 13:48:07 UTC 2022,-88,-17,-53,0,0,0,3083969504,21.540065455343477,0
Sat Aug 20 13:48:10 UTC 2022,-77,-11,-44,0,0,0,3092803262,23.674019740412607,0
Sat Aug 20 13:48:14 UTC 2022,-77,-11,-52,0,0,0,3102469908,25.409014414985208,0
Sat Aug 20 13:48:17 UTC 2022,-79,-12,-48,0,0,0,3112344724,26.155491104605968,0
Sat Aug 20 13:48:19 UTC 2022,-86,-14,-55,0,0,0,3122167214,26.150488127627018,0
Sat Aug 20 13:48:22 UTC 2022,-88,-16,-51,0,0,0,3131670776,25.805190120095528,0
Sat Aug 20 13:48:25 UTC 2022,-88,-14,-57,0,0,0,3141605564,26.913783855529143,0
Sat Aug 20 13:48:28 UTC 2022,-87,-14,-49,0,0,0,3151488220,26.605271033923213,0
Sat Aug 20 13:48:31 UTC 2022,-88,-14,-55,0,0,0,3160292216,23.30325701538099,0
Sat Aug 20 13:48:34 UTC 2022,-87,-16,-50,0,0,0,3170564333,27.63552269174393,0
Sat Aug 20 13:48:37 UTC 2022,-87,-15,-55,0,0,0,3180454782,26.690700798986587,0
Sat Aug 20 13:48:40 UTC 2022,-87,-15,-54,0,0,0,3190708592,27.327406472529148,0
Sat Aug 20 13:48:43 UTC 2022,-88,-16,-56,0,0,0,3200015883,24.356300667919918,0
Sat Aug 20 13:48:46 UTC 2022,-88,-16,-55,0,0,0,3209776903,25.81487612921951,0
Sat Aug 20 13:48:49 UTC 2022,-89,-16,-58,0,0,0,3219750691,27.165485359263602,0
Sat Aug 20 13:48:52 UTC 2022,-91,-15,-61,0,0,0,3229336761,25.97526146871001,0
Sat Aug 20 13:48:55 UTC 2022,-95,-19,-61,0,0,0,3238567804,25.061236281241147,0
Sat Aug 20 13:48:58 UTC 2022,-89,-14,-53,0,0,0,3247357198,23.285490113595404,0
Sat Aug 20 13:49:01 UTC 2022,-92,-14,-58,0,0,0,3258333096,29.490347057707638,0
Sat Aug 20 13:49:04 UTC 2022,-90,-13,-56,0,0,0,3268868530,26.896388649462722,0
Sat Aug 20 13:49:07 UTC 2022,-93,-14,-64,0,0,0,3279852337,29.73153941755051,0
Sat Aug 20 13:49:10 UTC 2022,0,0,0,0,0,0,3284881123,13.637825034744068,0
Sat Aug 20 13:49:13 UTC 2022,0,0,0,0,0,0,3288151564,8.737521316076384,0
Sat Aug 20 13:49:16 UTC 2022,-92,-9,-65,0,0,0,3297365814,24.851287937955608,0
Sat Aug 20 13:49:19 UTC 2022,-84,-8,-59,0,0,0,3307947962,28.16471242289993,0
Sat Aug 20 13:49:22 UTC 2022,-82,-9,-56,0,0,0,3319421214,30.633729704265225,0
Sat Aug 20 13:49:25 UTC 2022,-83,-9,-57,0,0,0,3331420246,32.50914528514697,0
Sat Aug 20 13:49:28 UTC 2022,-84,-8,-60,0,0,0,3343256373,31.77792375347629,0
Sat Aug 20 13:49:31 UTC 2022,-86,-8,-57,0,0,0,3354912048,31.32455691063291,0
Sat Aug 20 13:49:34 UTC 2022,-86,-8,-60,0,0,0,3366984470,32.2006550808491,0
Sat Aug 20 13:49:37 UTC 2022,-91,-10,-62,0,0,0,3378679850,31.072298467651194,0
Sat Aug 20 13:49:40 UTC 2022,-94,-12,-63,0,0,0,3389380538,28.653344603285525,0
Sat Aug 20 13:49:43 UTC 2022,-93,-11,-69,0,0,0,3397349016,21.0047554725687,0
Sat Aug 20 13:49:46 UTC 2022,-99,-11,-71,0,0,0,3404651766,19.51481210063427,0
Sat Aug 20 13:49:49 UTC 2022,-109,-16,-74,0,0,0,3409235646,12.094049511055045,0
Sat Aug 20 13:49:52 UTC 2022,-110,-17,-76,0,0,0,3410908912,4.460552306929831,0
Sat Aug 20 13:49:55 UTC 2022,-113,-20,-70,0,0,0,3412071360,3.1267757549999606,0
Sat Aug 20 13:49:58 UTC 2022,-108,-18,-71,0,0,0,3415763930,9.942363909870831,0
Sat Aug 20 13:50:01 UTC 2022,-108,-18,-69,0,0,0,3419929920,11.1506516662002,0
Sat Aug 20 13:50:04 UTC 2022,-105,-17,-70,0,0,0,3425132951,13.910914888126438,0
Sat Aug 20 13:50:07 UTC 2022,-104,-17,-67,0,0,0,3430335597,13.911570364433073,0
Sat Aug 20 13:50:10 UTC 2022,-109,-19,-72,0,0,0,3435076807,11.910452923679257,0
Sat Aug 20 13:50:13 UTC 2022,-101,-16,-69,-92,-15,-77,3440752729,15.178592250379678,100
Sat Aug 20 13:50:16 UTC 2022,-97,-12,-68,-95,-18,-77,3458904231,48.29611109669985,100
Sat Aug 20 13:50:19 UTC 2022,-98,-14,-65,-87,-12,-74,3483407659,65.80587763895676,100
Sat Aug 20 13:50:22 UTC 2022,-95,-9,-69,-85,-12,-73,3505196673,58.407578031375586,100
Sat Aug 20 13:50:25 UTC 2022,-92,-9,-65,-99,-20,-77,3530622637,67.92720073219702,100
Sat Aug 20 13:50:28 UTC 2022,-94,-10,-67,-90,-15,-75,3556193331,68.72956917099826,100
Sat Aug 20 13:50:31 UTC 2022,-95,-9,-68,-90,-13,-76,3580764899,63.389213234494605,100
Sat Aug 20 13:50:34 UTC 2022,-92,-10,-65,-92,-16,-75,3607035197,69.72835480208765,100
Sat Aug 20 13:50:37 UTC 2022,-94,-10,-66,-85,-12,-73,3632601349,68.36062061705019,100
Sat Aug 20 13:50:40 UTC 2022,-98,-10,-72,-91,-13,-77,3659087585,70.57583469492835,100
Sat Aug 20 13:50:43 UTC 2022,-95,-11,-69,-90,-13,-76,3685802945,71.30652247309133,100
Sat Aug 20 13:50:46 UTC 2022,-92,-9,-65,-86,-12,-74,3712225183,71.30022356147197,100
Sat Aug 20 13:50:49 UTC 2022,-95,-10,-68,-88,-13,-74,3737785637,67.86502426472325,100
Sat Aug 20 13:50:52 UTC 2022,-95,-9,-62,-85,-12,-73,3765319611,74.48781734368198,100
Sat Aug 20 13:50:55 UTC 2022,-93,-9,-64,-88,-13,-74,3791850926,70.20888824399412,100
Sat Aug 20 13:50:58 UTC 2022,-93,-9,-64,-89,-15,-73,3817590951,67.892209179272,100
Sat Aug 20 13:51:02 UTC 2022,-93,-9,-66,-87,-12,-74,3845152653,73.5684734814689,100
Sat Aug 20 13:51:05 UTC 2022,-94,-9,-68,-91,-14,-77,3870545251,63.93981952266957,100
Sat Aug 20 13:51:08 UTC 2022,-95,-9,-67,-94,-15,-78,3897073333,71.52950830741842,100
Sat Aug 20 13:51:11 UTC 2022,-95,-9,-69,-92,-16,-76,3921532677,62.79504987966619,100
Sat Aug 20 13:51:14 UTC 2022,-92,-10,-65,-98,-20,-78,3948068938,71.44775247109276,100
Sat Aug 20 13:51:17 UTC 2022,-93,-10,-65,-84,-12,-72,3974696049,71.59785906743873,100
Sat Aug 20 13:51:20 UTC 2022,-94,-10,-65,-86,-13,-73,4002296886,72.73182632978457,100
Sat Aug 20 13:51:23 UTC 2022,-92,-10,-65,-88,-13,-75,4028701742,71.40029346403752,100
Sat Aug 20 13:51:26 UTC 2022,-92,-9,-65,-89,-13,-75,4056474166,74.48385866937652,100
Sat Aug 20 13:51:29 UTC 2022,-94,-10,-67,-88,-12,-75,4084007538,72.2441898896959,100
Sat Aug 20 13:51:32 UTC 2022,-94,-10,-65,-86,-11,-75,4108297608,63.26737899012014,100
Sat Aug 20 13:51:35 UTC 2022,-95,-11,-65,-92,-20,-70,4136869401,77.3206173679291,100
Sat Aug 20 13:51:38 UTC 2022,-94,-10,-66,-88,-13,-74,4162471719,67.00046959674683,100
Sat Aug 20 13:51:41 UTC 2022,-95,-11,-67,-88,-12,-75,4184384545,59.33786769737884,100
Sat Aug 20 13:51:44 UTC 2022,-91,-9,-62,-94,-14,-79,4210166663,67.4892375239678,100
Sat Aug 20 13:51:47 UTC 2022,-88,-9,-58,-86,-12,-74,4242388171,87.11588432445009,100
Sat Aug 20 13:51:50 UTC 2022,-91,-11,-60,-89,-14,-75,4270289919,74.78214384717818,100
Sat Aug 20 13:51:53 UTC 2022,-88,-11,-57,-84,-16,-67,4303332878,88.95437298904643,100
Sat Aug 20 13:51:56 UTC 2022,-87,-13,-58,-84,-15,-69,4338786044,93.0674221864229,100
Sat Aug 20 13:51:59 UTC 2022,-86,-14,-54,-88,-20,-66,4376786484,100.44101218190919,100
Sat Aug 20 13:52:02 UTC 2022,-79,-9,-52,-76,-11,-64,4415860316,104.09468485944815,100
Sat Aug 20 13:52:05 UTC 2022,-79,-10,-52,-77,-11,-66,4455954639,102.86340664491168,100
Sat Aug 20 13:52:08 UTC 2022,-75,-10,-43,-78,-15,-63,4497007560,110.15771303389171,100
Sat Aug 20 13:52:11 UTC 2022,-77,-10,-48,-78,-11,-66,4536718042,104.03849847210113,100
Sat Aug 20 13:52:14 UTC 2022,-73,-10,-49,-64,-10,-53,4577516072,107.39862507768507,100
Sat Aug 20 13:52:17 UTC 2022,-74,-9,-47,-64,-10,-54,4617855390,108.23472529096956,100
Sat Aug 20 13:52:20 UTC 2022,-71,-9,-45,-66,-10,-55,4657631784,105.0942106789567,100
Sat Aug 20 13:52:23 UTC 2022,-73,-10,-44,-57,-10,-47,4698916739,110.55838119929176,100
Sat Aug 20 13:52:26 UTC 2022,-77,-10,-50,-63,-10,-52,4738941923,103.70476062997133,100
Sat Aug 20 13:52:29 UTC 2022,-78,-12,-49,-58,-10,-48,4780026071,106.80653575652943,100
Sat Aug 20 13:52:32 UTC 2022,-76,-10,-45,-72,-11,-61,4820006446,106.72148073950093,100
Sat Aug 20 13:52:35 UTC 2022,-75,-11,-46,-59,-10,-48,4864820614,119.65769648367443,100
Sat Aug 20 13:52:38 UTC 2022,-75,-11,-46,-59,-10,-49,4904830696,95.6979050983676,100
Sat Aug 20 13:52:41 UTC 2022,-74,-11,-46,-58,-10,-47,4946403192,110.22470805274723,100
Sat Aug 20 13:52:44 UTC 2022,-75,-12,-48,-58,-10,-48,4986090465,102.9030229571597,100
Sat Aug 20 13:52:47 UTC 2022,-75,-12,-48,-58,-10,-47,5025849003,106.60168908222391,100
Sat Aug 20 13:52:50 UTC 2022,-74,-9,-48,-61,-10,-50,5066353425,109.38053509726272,100
Sat Aug 20 13:52:54 UTC 2022,-75,-10,-48,-59,-10,-48,5107075249,106.94632729499163,100
Sat Aug 20 13:52:57 UTC 2022,-73,-9,-47,-64,-11,-52,5150457329,114.25869226807671,100
Sat Aug 20 13:53:00 UTC 2022,-75,-12,-47,-74,-13,-60,5190596279,98.93603874180938,100
Sat Aug 20 13:53:03 UTC 2022,-76,-12,-43,-68,-10,-57,5231054263,106.95617803456476,100
Sat Aug 20 13:53:06 UTC 2022,-79,-12,-52,-73,-11,-62,5270943007,105.81497703838518,100
Sat Aug 20 13:53:09 UTC 2022,-78,-11,-51,-74,-11,-62,5310915679,107.3361430409789,100
Sat Aug 20 13:53:12 UTC 2022,-78,-11,-52,-69,-10,-59,5352206673,110.09134741627693,100
Sat Aug 20 13:53:15 UTC 2022,-80,-11,-48,-76,-12,-64,5393211661,106.52465159484733,100
Sat Aug 20 13:53:18 UTC 2022,-81,-12,-53,-75,-11,-63,5432877697,102.75407704985855,100
Sat Aug 20 13:53:21 UTC 2022,-81,-11,-51,-82,-13,-69,5473073611,108.76902856061211,100
Sat Aug 20 13:53:24 UTC 2022,-83,-12,-55,-86,-13,-72,5513967588,108.10675416327311,100
Sat Aug 20 13:53:27 UTC 2022,-83,-12,-51,-84,-13,-70,5554854915,106.61392378684393,100
Sat Aug 20 13:53:30 UTC 2022,-83,-13,-54,-81,-13,-67,5595233908,106.48182732549337,100
Sat Aug 20 13:53:33 UTC 2022,-84,-12,-57,-82,-15,-66,5635652984,106.43517639968486,100
Sat Aug 20 13:53:36 UTC 2022,-86,-12,-58,-81,-13,-67,5676254776,107.29332972658824,100
Sat Aug 20 13:53:40 UTC 2022,-85,-12,-59,-84,-14,-70,5723351896,123.86394562403015,100
Sat Aug 20 13:53:43 UTC 2022,-89,-13,-61,-90,-18,-72,5762202526,88.08134233564154,100
Sat Aug 20 13:53:46 UTC 2022,-88,-13,-56,-94,-20,-74,5799132640,100.22866449210034,100
Sat Aug 20 13:53:49 UTC 2022,-86,-10,-58,-85,-15,-70,5831663208,86.36275902149241,100
Sat Aug 20 13:53:52 UTC 2022,-87,-10,-61,-88,-19,-69,5866181622,90.60136298591559,100
Sat Aug 20 13:53:55 UTC 2022,-86,-9,-59,0,0,0,5879146887,34.34156582330175,0
Sat Aug 20 13:53:58 UTC 2022,-86,-9,-57,0,0,0,5890232087,29.132796276484935,0
Sat Aug 20 13:54:01 UTC 2022,-90,-10,-60,0,0,0,5901456601,30.47203906170773,0
Sat Aug 20 13:54:04 UTC 2022,-93,-11,-65,0,0,0,5912017501,28.47779106137683,0
Sat Aug 20 13:54:07 UTC 2022,-91,-11,-60,0,0,0,5922922993,28.551885493968637,0
Sat Aug 20 13:54:10 UTC 2022,-94,-12,-63,0,0,0,5933451066,28.44015997269542,0
Sat Aug 20 13:54:13 UTC 2022,-91,-11,-62,0,0,0,5943678521,27.07745251287135,0
Sat Aug 20 13:54:16 UTC 2022,-91,-12,-61,0,0,0,5954723315,29.268748257394996,0
Sat Aug 20 13:54:19 UTC 2022,-93,-12,-63,0,0,0,5964776189,27.105690908907384,0
Sat Aug 20 13:54:22 UTC 2022,-95,-12,-65,0,0,0,5973642723,23.932120776253416,0
Sat Aug 20 13:54:25 UTC 2022,-93,-10,-67,0,0,0,5981106927,20.151907033245696,0
Sat Aug 20 13:54:28 UTC 2022,-96,-11,-66,0,0,0,5989958609,23.803087416727212,0
Sat Aug 20 13:54:31 UTC 2022,-101,-14,-69,0,0,0,5996428523,17.10693825381017,0
Sat Aug 20 13:54:34 UTC 2022,-101,-15,-67,0,0,0,6001749419,14.170784837164414,0
Sat Aug 20 13:54:37 UTC 2022,-103,-16,-70,0,0,0,6007337011,15.09494925205318,0
Sat Aug 20 13:54:40 UTC 2022,-106,-16,-69,0,0,0,6013471373,16.51854426619684,0
Sat Aug 20 13:54:43 UTC 2022,-105,-15,-74,0,0,0,6017972863,11.710383240237302,0
Sat Aug 20 13:54:46 UTC 2022,-105,-16,-70,0,0,0,6021481179,9.314798120138262,0
Sat Aug 20 13:54:49 UTC 2022,-107,-15,-73,0,0,0,6025178115,9.941002379802361,0
Sat Aug 20 13:54:52 UTC 2022,-105,-14,-72,0,0,0,6028563595,9.116831985926831,0
Sat Aug 20 13:54:55 UTC 2022,-99,-12,-69,0,0,0,6033842674,14.305269329734344,0
Sat Aug 20 13:54:58 UTC 2022,-104,-13,-75,0,0,0,6038870186,13.571586274099353,0
Sat Aug 20 13:55:01 UTC 2022,-104,-13,-75,0,0,0,6042366570,8.918685298029684,0
Sat Aug 20 13:55:04 UTC 2022,-103,-14,-70,0,0,0,6045925870,9.49054564084755,0
Sat Aug 20 13:55:07 UTC 2022,-96,-12,-63,0,0,0,6049766940,10.406964788579986,0
Sat Aug 20 13:55:10 UTC 2022,-89,-9,-67,0,0,0,6056976866,19.56328349905949,0
Sat Aug 20 13:55:13 UTC 2022,-82,-8,-52,0,0,0,6074580508,46.43362785279874,0
Sat Aug 20 13:55:16 UTC 2022,-75,-10,-54,0,0,0,6096483199,58.979765264150686,0
Sat Aug 20 13:55:19 UTC 2022,-89,-8,-66,0,0,0,6113631168,45.5745310687173,0
Sat Aug 20 13:55:21 UTC 2022,-99,-10,-73,0,0,0,6121635868,21.732116823657346,0
Sat Aug 20 13:55:24 UTC 2022,-104,-11,-76,0,0,0,6127892125,16.93388232018401,0
Sat Aug 20 13:55:27 UTC 2022,-108,-13,-79,0,0,0,6131793090,10.484336800329489,0
Sat Aug 20 13:55:30 UTC 2022,-109,-13,-76,0,0,0,6136366484,12.340540944505912,0
Sat Aug 20 13:55:33 UTC 2022,-111,-15,-78,0,0,0,6140971336,12.393552456064782,0
Sat Aug 20 13:55:36 UTC 2022,0,0,0,0,0,0,6144157634,8.42839676320175,0
Sat Aug 20 13:55:39 UTC 2022,-112,-16,-79,0,0,0,6145829402,4.521553843180176,0
Sat Aug 20 13:55:42 UTC 2022,-110,-15,-78,0,0,0,6148473372,7.100945838421483,0
Sat Aug 20 13:55:45 UTC 2022,-110,-15,-77,0,0,0,6151022968,6.886360389048399,0
Sat Aug 20 13:55:48 UTC 2022,-110,-15,-76,0,0,0,6153415274,6.311247986352496,0
Sat Aug 20 13:55:51 UTC 2022,-109,-14,-77,0,0,0,6155831600,6.338360275105146,0
Sat Aug 20 13:55:54 UTC 2022,-106,-12,-70,0,0,0,6158116050,6.163322786784901,0
Sat Aug 20 13:55:57 UTC 2022,-104,-10,-76,0,0,0,6161586968,9.358532842435944,0
Sat Aug 20 13:56:00 UTC 2022,-100,-9,-74,0,0,0,6167336292,15.48673920577696,0
Sat Aug 20 13:56:03 UTC 2022,-97,-8,-68,0,0,0,6173722266,16.732486584031786,0
Sat Aug 20 13:56:06 UTC 2022,-97,-7,-67,0,0,0,6181230242,19.34201480682819,0
Sat Aug 20 13:56:09 UTC 2022,-94,-7,-67,0,0,0,6190555344,25.147377289310832,0
Sat Aug 20 13:56:12 UTC 2022,-97,-8,-73,0,0,0,6197402702,18.49213558416212,0
Sat Aug 20 13:56:15 UTC 2022,-99,-8,-73,0,0,0,6203727258,16.980342839355064,0
Sat Aug 20 13:56:19 UTC 2022,-96,-8,-67,0,0,0,6212294755,22.609029626046834,0
Sat Aug 20 13:56:21 UTC 2022,-92,-8,-67,0,0,0,6221061287,22.290318744149705,0
Sat Aug 20 13:56:24 UTC 2022,-95,-8,-68,0,0,0,6230946443,26.624506673780786,0
Sat Aug 20 13:56:27 UTC 2022,-87,-7,-61,0,0,0,6240869299,26.61439881039208,0
Sat Aug 20 13:56:31 UTC 2022,-86,-7,-60,0,0,0,6252091438,30.312409952377063,0
Sat Aug 20 13:56:34 UTC 2022,-86,-7,-62,0,0,0,6263426103,29.277500032202404,0
Sat Aug 20 13:56:37 UTC 2022,-86,-8,-56,0,0,0,6275094129,31.22353054126986,0
Sat Aug 20 13:56:40 UTC 2022,-86,-6,-61,0,0,0,6285719544,27.624819619003542,0
Sat Aug 20 13:56:43 UTC 2022,-100,-8,-75,0,0,0,6293471694,20.897185472441816,0
Sat Aug 20 13:56:46 UTC 2022,-103,-10,-78,0,0,0,6298119936,12.515692599777582,0
Sat Aug 20 13:56:49 UTC 2022,-104,-11,-76,0,0,0,6302789202,12.394591237915241,0
Sat Aug 20 13:56:52 UTC 2022,-103,-11,-73,0,0,0,6307838960,13.55644230644771,0
Sat Aug 20 13:56:55 UTC 2022,-113,-15,-81,0,0,0,6310228270,6.314923743351715,0
Sat Aug 20 13:56:58 UTC 2022,-117,-18,-81,0,0,0,6311498574,3.3561314570729057,0
Sat Aug 20 13:57:01 UTC 2022,-110,-15,-79,0,0,0,6312650536,2.9095084290572233,0
Sat Aug 20 13:57:04 UTC 2022,-99,-12,-39,-90,-20,-62,6316136382,9.247743837151495,100
Sat Aug 20 13:57:07 UTC 2022,-95,-20,-40,-95,-20,-72,6332864680,45.044138063012326,100
Sat Aug 20 13:57:10 UTC 2022,-94,-10,-61,-86,-10,-76,6349014618,41.69713072776863,100
Sat Aug 20 13:57:13 UTC 2022,-97,-17,-65,-88,-11,-77,6361057040,32.44329234920045,100
Sat Aug 20 13:57:16 UTC 2022,-96,-20,-62,-91,-20,-69,6374245588,32.975765968445714,100
Sat Aug 20 13:57:19 UTC 2022,-93,-12,-62,-91,-10,-80,6387676656,35.259899509100016,100
Sat Aug 20 13:57:22 UTC 2022,-92,-9,-60,-88,-10,-78,6402730058,39.44800509764867,100
Sat Aug 20 13:57:25 UTC 2022,-94,-20,-40,-89,-20,-67,6418568768,41.56753254507279,100
Sat Aug 20 13:57:28 UTC 2022,-92,-16,-56,-90,-10,-79,6432979778,38.757538761830666,100
Sat Aug 20 13:57:31 UTC 2022,-100,-12,-68,-94,-11,-83,6442101152,24.559210917093882,100
Sat Aug 20 13:57:34 UTC 2022,-99,-20,-40,-95,-20,-66,6448705706,16.642381349397265,100
Sat Aug 20 13:57:37 UTC 2022,-101,-20,-68,-93,-10,-82,6454221394,14.893854011017575,100
Sat Aug 20 13:57:40 UTC 2022,-104,-13,-72,-104,-14,-90,6459636716,14.056750226153847,100
Sat Aug 20 13:57:43 UTC 2022,-105,-20,-63,-102,-20,-79,6463459950,9.901173685139296,100
Sat Aug 20 13:57:46 UTC 2022,-108,-20,-69,-140,-20,-120,6467396694,10.5682656331866,100
Sat Aug 20 13:57:49 UTC 2022,-110,-17,-74,0,0,0,6468793028,3.6787796153533097,0
Sat Aug 20 13:57:53 UTC 2022,-107,-18,-63,0,0,0,6469915030,3.039796149141251,0
Sat Aug 20 13:57:55 UTC 2022,-98,-17,-61,0,0,0,6473982152,10.380889320554907,0
Sat Aug 20 13:57:58 UTC 2022,-100,-19,-61,0,0,0,6481235468,19.752083946649332,0
Sat Aug 20 13:58:01 UTC 2022,-102,-19,-64,0,0,0,6488208658,18.86923128763593,0
Sat Aug 20 13:58:04 UTC 2022,-96,-9,-63,0,0,0,6493525060,14.094838427781186,0
Sat Aug 20 13:58:08 UTC 2022,-98,-9,-69,0,0,0,6498775550,14.113195421351799,0
Sat Aug 20 13:58:11 UTC 2022,-93,-8,-60,0,0,0,6505816150,18.22114074158457,0
Sat Aug 20 13:58:13 UTC 2022,-84,-8,-56,0,0,0,6518549150,33.78137318807722,0
Sat Aug 20 13:58:16 UTC 2022,-87,-9,-56,0,0,0,6528166310,25.918544717516713,0
Sat Aug 20 13:58:19 UTC 2022,-88,-10,-63,0,0,0,6541712724,36.26974735652299,0
Sat Aug 20 13:58:22 UTC 2022,-83,-9,-57,0,0,0,6558179282,44.377640368206464,0
Sat Aug 20 13:58:25 UTC 2022,-76,-9,-45,0,0,0,6581244796,62.02158102730858,0
Sat Aug 20 13:58:28 UTC 2022,-79,-9,-48,0,0,0,6605905151,66.07047028029562,0
Sat Aug 20 13:58:32 UTC 2022,-77,-9,-46,0,0,0,6629446231,63.60489696316679,0
Sat Aug 20 13:58:34 UTC 2022,-76,-8,-45,0,0,0,6652440583,58.43516252038735,0
Sat Aug 20 13:58:38 UTC 2022,-76,-8,-46,0,0,0,6677105321,66.43674778030353,0
Sat Aug 20 13:58:41 UTC 2022,-74,-9,-44,0,0,0,6702550429,67.08821961795256,0
Sat Aug 20 13:58:44 UTC 2022,-79,-15,-41,0,0,0,6726750619,63.46214621183801,0
Sat Aug 20 13:58:47 UTC 2022,-77,-8,-46,0,0,0,6749520709,61.05658648842577,0
Sat Aug 20 13:58:49 UTC 2022,-74,-8,-45,0,0,0,6774885501,68.62975106863621,0
Sat Aug 20 13:58:53 UTC 2022,-73,-8,-39,0,0,0,6802209367,73.41805847447105,0
Sat Aug 20 13:58:56 UTC 2022,-67,-8,-40,0,0,0,6830037035,72.1197515438226,0
Sat Aug 20 13:58:59 UTC 2022,-74,-7,-44,0,0,0,6857035323,71.42476245687477,0
Sat Aug 20 13:59:02 UTC 2022,-68,-8,-41,0,0,0,6883822777,71.93199293214255,0
Sat Aug 20 13:59:05 UTC 2022,-77,-8,-47,0,0,0,6909556560,69.74443725017201,0
Sat Aug 20 13:59:08 UTC 2022,-75,-8,-45,0,0,0,6934361427,65.88181828450948,0
Sat Aug 20 13:59:10 UTC 2022,-82,-8,-48,0,0,0,6955713304,57.657205203275595,0
Sat Aug 20 13:59:13 UTC 2022,-81,-8,-49,0,0,0,6977657506,59.71084441477931,0
Sat Aug 20 13:59:16 UTC 2022,-81,-8,-50,0,0,0,7000756887,60.724295243763315,0
Sat Aug 20 13:59:19 UTC 2022,-83,-7,-54,0,0,0,7022587185,58.48535337789936,0
Sat Aug 20 13:59:22 UTC 2022,-84,-8,-52,0,0,0,7040536221,48.371126256971166,0
Sat Aug 20 13:59:25 UTC 2022,-86,-8,-59,0,0,0,7052424349,31.22842821876607,0
Sat Aug 20 13:59:28 UTC 2022,-83,-8,-54,0,0,0,7066207447,37.29996175515988,0
Sat Aug 20 13:59:32 UTC 2022,-85,-9,-55,0,0,0,7080425005,37.704869433374384,0
Sat Aug 20 13:59:35 UTC 2022,-86,-8,-53,0,0,0,7092289247,30.879301354703443,0
Sat Aug 20 13:59:37 UTC 2022,-88,-8,-56,0,0,0,7103302729,29.669081482350776,0
Sat Aug 20 13:59:40 UTC 2022,-89,-8,-61,0,0,0,7111030911,20.74485126043154,0
Sat Aug 20 13:59:43 UTC 2022,-89,-8,-62,0,0,0,7119815748,23.629068023494835,0
Sat Aug 20 13:59:47 UTC 2022,-86,-8,-57,0,0,0,7130690675,28.845842629047496,0
Sat Aug 20 13:59:50 UTC 2022,-91,-8,-64,0,0,0,7138476635,19.76725429419216,0
Sat Aug 20 13:59:53 UTC 2022,-87,-8,-59,0,0,0,7147391878,24.117883475429824,0
Sat Aug 20 13:59:56 UTC 2022,-90,-8,-62,0,0,0,7154695321,19.514771186870522,0
Sat Aug 20 13:59:59 UTC 2022,-104,-10,-72,0,0,0,7158528703,10.414246697426782,0
Sat Aug 20 14:00:02 UTC 2022,-108,-14,-73,0,0,0,7160552501,5.256217594894581,0
Sat Aug 20 14:00:05 UTC 2022,-107,-14,-72,0,0,0,7162489467,5.15601152580974,0
Sat Aug 20 14:00:08 UTC 2022,-107,-15,-71,0,0,0,7164218159,4.687808376004003,0
Sat Aug 20 14:00:11 UTC 2022,-105,-14,-72,0,0,0,7165599315,3.664424149340055,0
Sat Aug 20 14:00:14 UTC 2022,-108,-15,-74,0,0,0,7167317521,4.652533978842297,0
Sat Aug 20 14:00:17 UTC 2022,-107,-14,-73,0,0,0,7169179535,4.885410639392207,0
Sat Aug 20 14:00:20 UTC 2022,-109,-15,-73,0,0,0,7171434025,6.048841623882777,0
Sat Aug 20 14:00:22 UTC 2022,-106,-13,-71,0,0,0,7174547033,8.395189971681763,0
Sat Aug 20 14:00:25 UTC 2022,-110,-14,-77,0,0,0,7176428521,5.059210873270501,0
Sat Aug 20 14:00:28 UTC 2022,-119,-20,-77,0,0,0,7177803685,3.7270326235378732,0
Sat Aug 20 14:00:31 UTC 2022,-98,-12,-67,0,0,0,7181368925,9.736573446802362,0
Sat Aug 20 14:00:34 UTC 2022,-100,-12,-73,0,0,0,7183580025,5.859196390452544,0
Sat Aug 20 14:00:37 UTC 2022,-105,-15,-74,0,0,0,7184937213,3.612299664928998,0
Sat Aug 20 14:00:40 UTC 2022,-103,-15,-68,0,0,0,7186226991,3.4980015157516036,0
Sat Aug 20 14:00:43 UTC 2022,-96,-12,-64,0,0,0,7187822413,4.250168099302735,0
Sat Aug 20 14:00:47 UTC 2022,-97,-13,-70,0,0,0,7189834227,5.277550620072909,0
Sat Aug 20 14:00:50 UTC 2022,-100,-13,-66,0,0,0,7191672273,4.693570327745987,0
Sat Aug 20 14:00:53 UTC 2022,-103,-14,-71,0,0,0,7193628661,5.151326541486246,0
Sat Aug 20 14:00:56 UTC 2022,-97,-11,-69,0,0,0,7196018023,6.214105239999377,0
Sat Aug 20 14:00:59 UTC 2022,-94,-11,-66,0,0,0,7199676139,9.972622210283662,0
Sat Aug 20 14:01:02 UTC 2022,-95,-11,-69,0,0,0,7203615950,10.410229212007927,0
Sat Aug 20 14:01:05 UTC 2022,-99,-12,-66,0,0,0,7206859120,8.759437662614635,0
Sat Aug 20 14:01:08 UTC 2022,-99,-13,-63,0,0,0,7209745766,7.423497109654706,0
Sat Aug 20 14:01:11 UTC 2022,-98,-11,-72,0,0,0,7213325986,9.7602855952323,0
Sat Aug 20 14:01:14 UTC 2022,-100,-13,-62,0,0,0,7216560168,8.739986681215624,0
Sat Aug 20 14:01:17 UTC 2022,-101,-13,-70,0,0,0,7219331468,7.45513578799435,0
Sat Aug 20 14:01:19 UTC 2022,-105,-16,-67,0,0,0,7221988920,7.190066573024392,0
Sat Aug 20 14:01:22 UTC 2022,-107,-17,-72,0,0,0,7224150586,5.841142048700109,0
Sat Aug 20 14:01:25 UTC 2022,-107,-17,-61,0,0,0,7226057540,5.009539238681329,0
Sat Aug 20 14:01:28 UTC 2022,-106,-16,-68,0,0,0,7227762264,4.616133464498617,0
Sat Aug 20 14:01:31 UTC 2022,-105,-15,-73,0,0,0,7229874444,5.656667239744889,0
Sat Aug 20 14:01:34 UTC 2022,-105,-17,-70,0,0,0,7231682530,4.908936523494742,0
Sat Aug 20 14:01:37 UTC 2022,-105,-16,-71,0,0,0,7233970028,6.089984226673468,0
Sat Aug 20 14:01:40 UTC 2022,-106,-16,-71,0,0,0,7238573939,12.113591825251362,0
Sat Aug 20 14:01:44 UTC 2022,-105,-14,-73,0,0,0,7243061178,11.925346156111928,0
Sat Aug 20 14:01:46 UTC 2022,-108,-16,-72,0,0,0,7245911872,7.489454709745512,0
Sat Aug 20 14:01:49 UTC 2022,-107,-18,-71,0,0,0,7247107276,3.222897179458119,0
Sat Aug 20 14:01:52 UTC 2022,-105,-14,-73,0,0,0,7248416528,3.481020565485869,0
Sat Aug 20 14:01:55 UTC 2022,-106,-15,-73,0,0,0,7249680840,3.373433304804166,0
Sat Aug 20 14:01:59 UTC 2022,-106,-16,-73,0,0,0,7250874746,3.2010199370444936,0
Sat Aug 20 14:02:02 UTC 2022,-105,-15,-61,0,0,0,7252204970,3.428353650637189,0
Sat Aug 20 14:02:04 UTC 2022,-105,-14,-75,0,0,0,7253529202,3.6076918317171915,0
Sat Aug 20 14:02:07 UTC 2022,-105,-14,-75,0,0,0,7254450472,2.4843154078716987,0
Sat Aug 20 14:02:11 UTC 2022,-105,-16,-72,0,0,0,7255815150,3.689072218742216,0
Sat Aug 20 14:02:14 UTC 2022,-105,-15,-72,0,0,0,7256843036,2.633151131781353,0
Sat Aug 20 14:02:17 UTC 2022,-106,-15,-75,0,0,0,7258203220,3.6725215126265605,0
Sat Aug 20 14:02:20 UTC 2022,-105,-15,-74,0,0,0,7259271294,2.873727960721691,0
Sat Aug 20 14:02:22 UTC 2022,-107,-16,-75,0,0,0,7260228516,2.543990688618158,0
Sat Aug 20 14:02:26 UTC 2022,-108,-16,-74,0,0,0,7261677082,3.9077205828055375,0
Sat Aug 20 14:02:29 UTC 2022,-110,-19,-72,0,0,0,7263455208,4.479573703184531,0
Sat Aug 20 14:02:32 UTC 2022,-106,-15,-75,0,0,0,7265038594,4.250703489728225,0
Sat Aug 20 14:02:35 UTC 2022,-99,-13,-70,0,0,0,7269412754,11.816206233548796,0
Sat Aug 20 14:02:38 UTC 2022,-96,-11,-63,0,0,0,7277012160,20.447531622377326,0
Sat Aug 20 14:02:41 UTC 2022,-87,-10,-59,0,0,0,7287467292,27.226633735502443,0
Sat Aug 20 14:02:44 UTC 2022,-79,-8,-54,0,0,0,7299174214,31.079535752534273,0
Sat Aug 20 14:02:47 UTC 2022,-66,-7,-44,0,0,0,7310418202,29.69349989886603,0
Sat Aug 20 14:02:50 UTC 2022,-71,-7,-50,0,0,0,7322017268,31.18938681838926,0
Sat Aug 20 14:02:53 UTC 2022,-69,-7,-42,0,0,0,7334221700,33.01269405953453,0
Sat Aug 20 14:02:56 UTC 2022,-67,-7,-41,0,0,0,7346325592,31.095680993433135,0
Sat Aug 20 14:02:59 UTC 2022,-62,-7,-39,0,0,0,7358174772,31.56952427199086,0
Sat Aug 20 14:03:02 UTC 2022,-70,-7,-45,0,0,0,7370028446,31.30981558974725,0
Sat Aug 20 14:03:05 UTC 2022,-68,-8,-42,0,0,0,7381311526,30.5247716992279,0
Sat Aug 20 14:03:08 UTC 2022,-70,-7,-43,0,0,0,7392853668,31.321810653956526,0
Sat Aug 20 14:03:11 UTC 2022,-71,-7,-48,0,0,0,7405128546,33.00936011827521,0
Sat Aug 20 14:03:14 UTC 2022,-72,-7,-48,0,0,0,7416938830,30.831265396112777,0
Sat Aug 20 14:03:17 UTC 2022,-68,-7,-42,0,0,0,7428859189,31.194335767021467,0
Sat Aug 20 14:03:20 UTC 2022,-61,-7,-38,0,0,0,7440476623,31.38542269265796,0
Sat Aug 20 14:03:23 UTC 2022,-65,-8,-45,0,0,0,7451973773,30.96361687556899,0
Sat Aug 20 14:03:26 UTC 2022,0,0,0,0,0,0,7464655893,34.35145593229081,0
Sat Aug 20 14:03:29 UTC 2022,-74,-8,-46,0,0,0,7499291650,93.1846786667817,0
Sat Aug 20 14:03:32 UTC 2022,-70,-8,-44,0,0,0,7535426350,93.96646664703555,0
Sat Aug 20 14:03:35 UTC 2022,-79,-8,-54,0,0,0,7570298292,92.24952853686712,0
Sat Aug 20 14:03:38 UTC 2022,-79,-12,-49,0,0,0,7602276166,86.38373214649108,0
Sat Aug 20 14:03:41 UTC 2022,-80,-12,-48,0,0,0,7633780215,82.73226572236223,0
Sat Aug 20 14:03:44 UTC 2022,-81,-13,-53,0,0,0,7659382117,66.50503204697867,0
Sat Aug 20 14:03:47 UTC 2022,-83,-13,-53,0,0,0,7684743105,65.70353786587387,0
Sat Aug 20 14:03:50 UTC 2022,-85,-12,-54,0,0,0,7699654487,39.93718381529844,0
Sat Aug 20 14:03:53 UTC 2022,-93,-13,-64,0,0,0,7708302441,23.302897420725618,0
Sat Aug 20 14:03:56 UTC 2022,-94,-12,-63,0,0,0,7715898799,20.45858277666167,0
Sat Aug 20 14:03:59 UTC 2022,-91,-12,-60,0,0,0,7724690561,23.733445668386935,0
Sat Aug 20 14:04:02 UTC 2022,-86,-11,-58,0,0,0,7737571863,34.58644716592819,0
Sat Aug 20 14:04:05 UTC 2022,-89,-11,-61,0,0,0,7750911882,34.80904418818269,0
Sat Aug 20 14:04:08 UTC 2022,-98,-14,-66,0,0,0,7758542944,20.66666904449072,0
Sat Aug 20 14:04:11 UTC 2022,-92,-11,-66,0,0,0,7766528886,21.48272568368456,0
Sat Aug 20 14:04:14 UTC 2022,-91,-9,-65,0,0,0,7775628883,24.107923883056127,0
Sat Aug 20 14:04:17 UTC 2022,-93,-10,-66,0,0,0,7784040025,22.616063774440157,0
Sat Aug 20 14:04:20 UTC 2022,-95,-10,-66,0,0,0,7792415343,21.419671226324414,0
Sat Aug 20 14:04:23 UTC 2022,-93,-10,-65,0,0,0,7802784499,27.862083141747064,0
Sat Aug 20 14:04:26 UTC 2022,-95,-10,-64,0,0,0,7813583633,29.021215668373305,0
Sat Aug 20 14:04:29 UTC 2022,-95,-11,-68,0,0,0,7823036110,25.197676032878366,0
Sat Aug 20 14:04:32 UTC 2022,-97,-12,-67,0,0,0,7834798458,31.86846869180629,0
Sat Aug 20 14:04:35 UTC 2022,-92,-9,-66,0,0,0,7845674030,27.532466523117193,0
Sat Aug 20 14:04:38 UTC 2022,-96,-10,-69,0,0,0,7855769132,26.654387246112893,0
Sat Aug 20 14:04:41 UTC 2022,-97,-11,-69,0,0,0,7864885960,24.57396936521453,0
Sat Aug 20 14:04:44 UTC 2022,-97,-11,-69,0,0,0,7872596166,20.36782236499744,0
Sat Aug 20 14:04:47 UTC 2022,-97,-11,-68,0,0,0,7880598482,21.483162284075767,0
Sat Aug 20 14:04:50 UTC 2022,-94,-9,-66,0,0,0,7890344470,26.214664734040205,0
Sat Aug 20 14:04:53 UTC 2022,-94,-10,-67,0,0,0,7898352778,20.80641587457116,0
Sat Aug 20 14:04:56 UTC 2022,-94,-10,-68,0,0,0,7906013550,20.534116797311654,0
Sat Aug 20 14:04:59 UTC 2022,-95,-9,-69,0,0,0,7914001030,21.608746034097692,0
Sat Aug 20 14:05:02 UTC 2022,-94,-9,-68,0,0,0,7921043284,18.251843971282252,0
Sat Aug 20 14:05:05 UTC 2022,-94,-10,-65,0,0,0,7928426209,19.969370473404076,0
Sat Aug 20 14:05:08 UTC 2022,-94,-10,-68,0,0,0,7932107696,9.894887447610698,0
Sat Aug 20 14:05:11 UTC 2022,-96,-10,-68,0,0,0,7932109088,0.0036656745093096806,0
Sat Aug 20 14:05:14 UTC 2022,-97,-10,-69,0,0,0,7932120304,0.029496853308902417,0
Sat Aug 20 14:05:17 UTC 2022,-97,-11,-67,0,0,0,7932151700,0.08310580603710661,0
Sat Aug 20 14:05:20 UTC 2022,-98,-13,-67,0,0,0,7932151700,0.0,0
Sat Aug 20 14:05:23 UTC 2022,-98,-12,-70,0,0,0,7932159446,0.02064506999758043,0
Sat Aug 20 14:05:26 UTC 2022,-98,-12,-70,0,0,0,7932160698,0.0031581553447330175,0
